0.01745240644
0.03490481288
0.052357219319999995
0.06980962576
0.08726203219999999
0.10471443863999999
0.12216684507999999
0.13961925152
0.15707165796
0.17452406439999998
0.19197647083999997
0.20942887727999998
0.22688128372
0.24433369015999998
0.26178609659999996
0.27923850304
0.29669090948
0.31414331592
0.33159572235999996
0.34904812879999997
0.36650053524
0.38395294167999994
0.40140534811999995
0.41885775455999996
0.436310161
0.45376256744
0.47121497387999994
0.48866738031999996
0.5061197867599999
0.5235721931999999
0.5410245996399999
0.55847700608
0.57592941252
0.59338181896
0.6108342254
0.62828663184
0.6457390382799999
0.6631914447199999
0.6806438511599999
0.6980962575999999
0.71554866404
0.73300107048
0.75045347692
0.7679058833599999
0.7853582897999999
0.8028106962399999
0.8202631026799999
0.8377155091199999
0.8551679155599999
0.872620322
