0.99984769516
1.99969539032
2.99954308548
3.99939078064
4.9992384758
5.99908617096
6.998933866120001
7.99878156128
8.998629256440001
9.9984769516
10.99832464676
11.99817234192
12.99802003708
13.997867732240001
14.997715427400001
15.99756312256
16.997410817720002
17.997258512880002
18.99710620804
19.9969539032
20.99680159836
21.99664929352
22.99649698868
23.99634468384
24.996192379
25.99604007416
26.995887769320003
27.995735464480003
28.995583159640002
29.995430854800002
30.995278549960002
31.99512624512
32.994973940280005
33.994821635440005
34.994669330600004
35.994517025760004
36.994364720920004
37.99421241608
38.99406011124
39.9939078064
40.99375550156
41.99360319672
42.99345089188
43.99329858704
44.9931462822
45.99299397736
46.99284167252
47.99268936768
48.99253706284
49.992384758
